-7.9432	0.0492	0.3483
-7.9156	0.0492	0.3500
-7.8888	0.0492	0.3512
-7.8656	0.0493	0.3519
-7.8382	0.0493	0.3539
-7.8194	0.0493	0.3550
-7.7916	0.0494	0.3564
-7.7679	0.0494	0.3563
-7.7674	0.0494	0.3572
-7.7816	0.0494	0.3534
-7.5213	0.0502	0.3679
-7.2626	0.0506	0.3814
-7.0135	0.0509	0.3944
-6.6852	0.0518	0.4249
-6.3994	0.0527	0.4461
-6.1113	0.0534	0.4667
-5.8294	0.0539	0.4862
-5.5720	0.0542	0.5002
-5.3228	0.0544	0.5117
-5.0773	0.0550	0.5231
-4.8379	0.0552	0.5325
-4.6032	0.0554	0.5406
-4.3699	0.0558	0.5474
-4.1331	0.0561	0.5577
-3.8992	0.0563	0.5654
-3.6629	0.0565	0.5742
-3.4044	0.0569	0.5876
-3.0092	0.0575	0.6154
-2.6689	0.0581	0.6332
-2.6026	0.0582	0.6358
-2.2830	0.0587	0.6637
-2.0221	0.0590	0.6786
-1.7729	0.0593	0.6907
-1.5049	0.0597	0.7069
-1.2370	0.0601	0.7234
-0.9714	0.0603	0.7388
-0.6779	0.0607	0.7613
-0.4001	0.0612	0.7802
-0.1396	0.0614	0.7951
0.1130	0.0619	0.8089
0.3754	0.0623	0.8231
0.6441	0.0626	0.8395
0.9333	0.0631	0.8617
1.1507	0.0633	0.8645
1.4487	0.0638	0.8889
1.7601	0.0644	0.9154
2.0865	0.0649	0.9465
2.4045	0.0654	0.9744
2.7246	0.0660	1.0043
3.0194	0.0665	1.0266
3.3367	0.0670	1.0566
3.6314	0.0675	1.0798
3.9363	0.0679	1.1045
4.2826	0.0684	1.1401
4.5838	0.0689	1.1664
4.8619	0.0692	1.1836
5.1579	0.0695	1.2080
5.4848	0.0700	1.2380
5.7853	0.0704	1.2650
6.0922	0.0710	1.2886
6.5426	0.0719	1.3504
7.4438	0.0743	1.5197
7.5434	0.0744	1.4950
7.8850	0.0749	1.5303
8.1845	0.0753	1.5539
8.5403	0.0763	1.5917
