0.0335	-8.3552
0.0340	-8.3570
0.0345	-8.3663
0.0350	-8.3803
0.0355	-8.4033
0.0360	-8.4084
0.0365	-8.4109
0.0370	-8.4097
0.0375	-8.4049
0.0380	-8.4030
0.0385	-8.4087
0.0390	-8.4078
0.0395	-8.4082
0.0400	-8.4081
0.0405	-8.4099
0.0410	-8.4122
0.0415	-8.4140
0.0420	-8.4130
0.0425	-8.4151
0.0430	-8.4168
0.0435	-8.4205
0.0440	-8.4230
0.0445	-8.4262
0.0450	-8.4270
0.0455	-8.4276
0.0460	-8.3993
0.0465	-8.3902
0.0470	-8.3159
0.0475	-8.2551
0.0480	-8.1886
0.0485	-8.1524
0.0490	-8.0824
0.0495	-7.6727
0.0500	-7.6129
0.0505	-7.3077
0.0510	-6.9679
0.0515	-6.7422
0.0520	-6.6607
0.0525	-6.4499
0.0530	-6.3155
0.0535	-6.0617
0.0540	-5.7361
0.0545	-5.2655
0.0550	-5.1065
0.0555	-4.5429
0.0560	-4.2810
0.0565	-3.6279
0.0570	-3.3367
0.0575	-2.9867
0.0580	-2.7554
0.0585	-2.4143
0.0590	-1.9933
0.0595	-1.6270
0.0600	-1.3096
0.0605	-0.7582
0.0610	-0.5429
0.0615	-0.0684
0.0620	0.1555
0.0625	0.5632
0.0630	0.8624
0.0635	1.3761
0.0640	1.5165
0.0645	1.8239
0.0650	2.1355
0.0655	2.4766
0.0660	2.7303
0.0665	3.0105
0.0670	3.3481
0.0675	3.6482
0.0680	3.9959
0.0685	4.3331
0.0690	4.6885
0.0695	5.2074
0.0700	5.4453
0.0705	5.8877
0.0710	6.0847
0.0715	6.4678
0.0720	6.5575
0.0725	6.8463
0.0730	6.9857
0.0735	7.0338
0.0740	7.2094
0.0745	7.6541
0.0750	7.9493
0.0755	8.3357
0.0760	8.5205
0.0765	8.5583
0.0770	8.6189
0.0775	8.6954
0.0780	8.9253
0.0785	9.1077
0.0790	9.1955
0.0795	9.2704
0.0800	9.2834
0.0805	9.2878
0.0810	9.2921
0.0815	9.2971
0.0820	9.3027
0.0825	9.3092
0.0830	9.3149
0.0835	9.3228
