time, rmse, fit
127.94168901443481, 196.2388607009224,  64.31426910669882
144.83325147628784, 71.48476949606538, 78.46182755634126
197.6869761943817, 71.41053296869619, 78.47301409630053
202.68384957313538, 114.47802670353019, 72.7439349794967
200.70204782485962, 39.70214595134912, 83.9487418311525
193.4495987892151, 82.39701064836929, 76.87627386715616
163.5912413597107, 103.87488634912619, 74.0368507423441
126.836918592453, 110.71970928767995, 73.19507739391933
197.28838205337524, 88.48585351147229, 76.0371200845496
207.16903495788574, 109.30294299498904, 3.36712707035579